mlp_weights
I:6
J:5
K:2
V:
0.70414516754082467908659737076960
0.54086904782948341807724546015379
-0.24781496564431293450070370454341
0.04625476415601887519857271513501
-0.51794082259932139322700095362961
-0.10529290359980761349056876952091
2.88228043522032040257840890262742
-1.42016145164677132228803202451672
0.84336622770493396838986654984183
1.08261331288149298401890519016888
-0.63708791240081485973689723323332
-1.44800935059482727140789393160958
0.34288047732756615770810526555579
-0.53166522243189240359839686789201
-2.66240985371302585349440050777048
-0.18692517338544092919683237141726
0.21211009381283504882098611687979
0.89697965941540958034750019578496
0.52442948494484853405595004005590
1.36875084034779770369993912026985
0.12592462987180322309122004753590
1.40004060090520110470890813303413
0.09262235672420629506440548084356
0.93697287933017114891498522410984
0.09650266998878422042285052384614
1.01049624918907343662510811554966
-1.23432117151196063531415347824804
0.46653494033387099548804144433234
0.02622087084582263444287875131522
0.91253275055225169243300342714065
-0.40493378988246991889710102441313
-1.19351659984419722349002768169157
0.22846092331014239418252032010059
1.18451783617619277322319248924032
0.28888341387565352746946700790431
W:
-1.45186190636628142947017749975203
-1.02671079283227628664576513983775
-1.35222428421441875912023533601314
-0.38462681639371132380489370916621
0.28641189817300749531625569943571
0.84871540766727604498953496658942
1.76714309362728294594546696316684
1.09887265592772509492647259321529
2.26845412313714112073625983612146
-0.52139553728353627004565851166262
-0.41153831124882767067418853912386
-1.00304218346790952054448098351713
