mlp_weights
I:6
J:5
K:2
V:
0.13565263697082519112058207610971
0.11961261539581763413409021268308
2.05053818939142740163106282125227
-0.40603037583835138724097646445443
1.46225652705309228096552942588460
-1.13457119901170488951436254865257
1.21611174113723796708086410944816
0.05630696449090388105984672506565
-0.63758566592647580861807909968775
1.23459387649086238525342196226120
0.67755565481166857288997107389150
0.76634410105579042760126640132512
0.53282913183759672559602904584608
-1.33140706807192077398838137014536
1.14316283906599003294957128673559
-0.63989716112372629908122689812444
0.13262265738305262230412040480587
0.10051047917769158346334990028481
-1.63213745712823299349736316798953
0.24454913662042179756106463628385
0.01647262802301077688760244654986
-1.14527078223729916750528445845703
-0.17138018665978058119314653140464
-1.69477419464875067589559876068961
-0.72152280005091806724948355622473
-0.57731192563656785754488964812481
-0.34967173012116126162851514891372
1.36411580037221846772865774255479
0.94005792664164866678788712306414
1.58186634705978335091458575334400
0.11948735829401616048706102901633
-0.20485274399163730385531323463510
0.51772084430306131164201133287861
-1.40944287817126223671948537230492
0.53336872107378785479170346661704
W:
1.74220508795714135175103365327232
0.01971072687515658394818984788799
1.39824323284789309163045345485443
-2.76263841709948243519079369434621
1.41528322657027660902429033740191
-0.14107124452046210238975731954270
-0.17141889706114923908053526702133
1.57084956948135556764611919788877
-1.37949088429221355944775950774783
0.17805615182728004586287795518729
0.97739473842986812623934156363248
-1.26304553451366308181036401947495
